# Catppuccin Macchiato palette for lf

*                 00

# Directories — Blue
di                38;2;138;173;244;1

# Symlinks — Sky
ln                38;2;145;215;227

# Orphan symlinks — Red
or                38;2;237;135;150;1
mi                38;2;237;135;150;1

# Executables — Green
ex                38;2;166;218;149;1

# Pipes / sockets / devices — Peach
pi                38;2;245;169;127
so                38;2;245;169;127
bd                38;2;245;169;127
cd                38;2;245;169;127

# Setuid / setgid — Maroon on base
su                38;2;238;153;160;48;2;36;39;58
sg                38;2;238;153;160;48;2;36;39;58

# Sticky / other-writable — Mauve
tw                38;2;198;164;245;1
ow                38;2;198;164;245

# --- Archives (Red #ed8796) ---
*.tar             38;2;237;135;150
*.tgz             38;2;237;135;150
*.arc             38;2;237;135;150
*.arj             38;2;237;135;150
*.taz             38;2;237;135;150
*.lha             38;2;237;135;150
*.lz4             38;2;237;135;150
*.lzh             38;2;237;135;150
*.lzma            38;2;237;135;150
*.tlz             38;2;237;135;150
*.txz             38;2;237;135;150
*.tzo             38;2;237;135;150
*.t7z             38;2;237;135;150
*.zip             38;2;237;135;150
*.z               38;2;237;135;150
*.dz              38;2;237;135;150
*.gz              38;2;237;135;150
*.lrz             38;2;237;135;150
*.lz              38;2;237;135;150
*.lzo             38;2;237;135;150
*.xz              38;2;237;135;150
*.zst             38;2;237;135;150
*.tzst            38;2;237;135;150
*.bz2             38;2;237;135;150
*.bz              38;2;237;135;150
*.tbz             38;2;237;135;150
*.tbz2            38;2;237;135;150
*.tz              38;2;237;135;150
*.deb             38;2;237;135;150
*.rpm             38;2;237;135;150
*.jar             38;2;237;135;150
*.war             38;2;237;135;150
*.ear             38;2;237;135;150
*.sar             38;2;237;135;150
*.rar             38;2;237;135;150
*.alz             38;2;237;135;150
*.ace             38;2;237;135;150
*.zoo             38;2;237;135;150
*.cpio            38;2;237;135;150
*.7z              38;2;237;135;150

# --- Images (Mauve #c6a4f5) ---
*.jpg             38;2;198;164;245
*.jpeg            38;2;198;164;245
*.mjpg            38;2;198;164;245
*.mjpeg           38;2;198;164;245
*.gif             38;2;198;164;245
*.bmp             38;2;198;164;245
*.pbm             38;2;198;164;245
*.pgm             38;2;198;164;245
*.ppm             38;2;198;164;245
*.tga             38;2;198;164;245
*.xbm             38;2;198;164;245
*.xpm             38;2;198;164;245
*.tif             38;2;198;164;245
*.tiff            38;2;198;164;245
*.png             38;2;198;164;245
*.svg             38;2;198;164;245
*.svgz            38;2;198;164;245
*.webp            38;2;198;164;245
*.avif            38;2;198;164;245
*.heic            38;2;198;164;245

# --- Video (Pink #f5bde6) ---
*.mov             38;2;245;189;230
*.mpg             38;2;245;189;230
*.mpeg            38;2;245;189;230
*.m2v             38;2;245;189;230
*.mkv             38;2;245;189;230
*.webm            38;2;245;189;230
*.ogm             38;2;245;189;230
*.mp4             38;2;245;189;230
*.m4v             38;2;245;189;230
*.mp4v            38;2;245;189;230
*.vob             38;2;245;189;230
*.qt              38;2;245;189;230
*.nuv             38;2;245;189;230
*.wmv             38;2;245;189;230
*.asf             38;2;245;189;230
*.rm              38;2;245;189;230
*.rmvb            38;2;245;189;230
*.flc             38;2;245;189;230
*.avi             38;2;245;189;230
*.fli             38;2;245;189;230
*.flv             38;2;245;189;230
*.gl              38;2;245;189;230
*.dl              38;2;245;189;230
*.xcf             38;2;245;189;230
*.xwd             38;2;245;189;230
*.yuv             38;2;245;189;230
*.cgm             38;2;245;189;230
*.emf             38;2;245;189;230
*.ogv             38;2;245;189;230
*.ogx             38;2;245;189;230

# --- Audio (Teal #8bd5ca) ---
*.aac             38;2;139;213;202
*.au              38;2;139;213;202
*.flac            38;2;139;213;202
*.m4a             38;2;139;213;202
*.mid             38;2;139;213;202
*.midi            38;2;139;213;202
*.mka             38;2;139;213;202
*.mp3             38;2;139;213;202
*.mpc             38;2;139;213;202
*.ogg             38;2;139;213;202
*.ra              38;2;139;213;202
*.wav             38;2;139;213;202
*.oga             38;2;139;213;202
*.opus            38;2;139;213;202
*.spx             38;2;139;213;202
*.xspf            38;2;139;213;202

# --- Documents (Yellow #eed49f) ---
*.pdf             38;2;238;212;159
*.epub            38;2;238;212;159
*.mobi            38;2;238;212;159
*.djvu            38;2;238;212;159
*.doc             38;2;238;212;159
*.docx            38;2;238;212;159
*.odt             38;2;238;212;159
*.rtf             38;2;238;212;159
*.xls             38;2;238;212;159
*.xlsx            38;2;238;212;159
*.ods             38;2;238;212;159
*.ppt             38;2;238;212;159
*.pptx            38;2;238;212;159
*.odp             38;2;238;212;159

# --- Code / config ---
*.py              38;2;238;212;159
*.rs              38;2;245;169;127
*.go              38;2;145;215;227
*.js              38;2;238;212;159
*.ts              38;2;138;173;244
*.jsx             38;2;145;215;227
*.tsx             38;2;138;173;244
*.c               38;2;138;173;244
*.h               38;2;198;164;245
*.cpp             38;2;138;173;244
*.hpp             38;2;198;164;245
*.lua             38;2;138;173;244
*.vim             38;2;166;218;149
*.sh              38;2;166;218;149
*.bash            38;2;166;218;149
*.zsh             38;2;166;218;149
*.fish            38;2;166;218;149

*.json            38;2;238;212;159
*.yaml            38;2;237;135;150
*.yml             38;2;237;135;150
*.toml            38;2;245;169;127
*.ini             38;2;245;169;127
*.conf            38;2;245;169;127
*.cfg             38;2;245;169;127
*.md              38;2;138;173;244
*.markdown        38;2;138;173;244
*.txt             38;2;202;211;245
*.log             38;2;165;173;203
